2
3
4
5
6
7
8
9
10
11
12
13
14
15
16
17
19
20
22
23
25
26
29
31
34
35
37
38
41
43
46
47
49
53
58
59
61
62
67
71
73
74
79
82
83
86
89
94
97
101
103
106
107
109
113
118
121
122
127
131
134
137
139
142
143
146
149
151
157
158
163
166
167
169
173
178
179
181
191
193
194
197
199
202
206
211
214
218
223
226
227
229
233
239
241
251
254
257
262
263
269
271
274
277
278
281
283
289
293
298
302
307
311
313
314
317
323
326
331
334
337
346
347
349
353
358
359
361
362
367
373
379
382
383
386
389
394
397
398
401
409
419
421
422
431
433
439
443
446
449
454
457
458
461
463
466
467
478
479
482
487
491
499
502
503
509
514
521
523
526
529
538
541
542
547
554
557
562
563
566
569
571
577
586
587
593
599
601
607
613
614
617
619
622
626
631
634
641
643
647
653
659
661
662
673
674
677
683
691
694
698
701
706
709
718
719
727
733
734
739
743
746
751
757
758
761
766
769
773
778
787
794
797
802
809
811
818
821
823
827
829
838
839
841
842
853
857
859
862
863
866
877
878
881
883
886
887
898
899
907
911
914
919
922
926
929
934
937
941
947
953
958
961
967
971
974
977
982
983
991
997
998
